# PhononDOS for Si        ! The first and second lines are comment lines. 
# omega [eV]   Phonon DOS ! Don't forget to enter N_atom in parameter.txt for the 3N normalization.
0	0
6.44732E-05	0.000187219
0.000128944	0.000389859
0.000193422	0.000607054
0.000257894	0.000837906
0.000322366	0.001081491
0.000386838	0.00133694
0.000451316	0.001603283
0.000515788	0.00187979
0.00058026	0.002165412
0.000644732	0.002459238
0.000709223	0.002760509
0.000773662	0.003068313
0.000838167	0.003381585
0.000902606	0.003699568
0.000967111	0.004021349
0.00103155	0.004346016
0.001096055	0.004672659
0.001160494	0.005000365
0.001224998	0.005328375
0.001289437	0.005655625
0.001353942	0.005981204
0.001418447	0.006304352
0.001482886	0.006624006
0.00154739	0.006939558
0.001611829	0.007249792
0.001676334	0.00755395
0.001740773	0.00785127
0.001805278	0.008140539
0.001869717	0.008421148
0.001934222	0.008692033
0.001998661	0.008952283
0.002063165	0.009201291
0.002127604	0.009437689
0.002192109	0.009661022
0.002256548	0.009870073
0.002321053	0.010064235
0.002385492	0.010242293
0.002449997	0.01040364
0.002514435	0.010547058
0.00257894	0.010671942
0.002643379	0.010777379
0.002707884	0.010862306
0.002772323	0.010925964
0.002836828	0.010967288
0.002901332	0.010985519
0.002965771	0.010979898
0.003030276	0.010949209
0.003094715	0.010892692
0.00315922	0.010809588
0.003223659	0.010698833
0.003288164	0.010559516
0.003352603	0.010390878
0.003417107	0.010193525
0.003481546	0.009970648
0.003546051	0.009724983
0.00361049	0.009459719
0.003674995	0.009177895
0.003739434	0.008882549
0.003803939	0.008576721
0.003868377	0.0082636
0.003932882	0.007946073
0.003997321	0.00762733
0.004061826	0.007310411
0.004126265	0.006998354
0.00419077	0.006694044
0.004255274	0.006400826
0.004319713	0.006121584
0.004384218	0.005859359
0.004448657	0.005617339
0.004513162	0.005398413
0.004577601	0.00520577
0.004642106	0.005042449
0.004706545	0.004911488
0.004771049	0.004815774
0.004835488	0.004758801
0.004899993	0.004743153
0.004964432	0.004772171
0.005028937	0.004848742
0.005093376	0.004976057
0.005157881	0.005157153
0.005222319	0.005395071
0.005286824	0.005692695
0.005351263	0.006053369
0.005415768	0.006480131
0.005480207	0.006975716
0.005544712	0.007543467
0.005609151	0.008186421
0.005673655	0.008907617
0.00573816	0.009709942
0.005802599	0.010596587
0.005867104	0.011570741
0.005931543	0.012635292
0.005996048	0.013793277
0.006060487	0.015047736
0.006124991	0.016402011
0.00618943	0.017858989
0.006253935	0.019420796
0.006318374	0.02109199
0.006382879	0.022872571
0.006447318	0.024764059
0.006511823	0.026764935
0.006576261	0.028878236
0.0066407	0.031100924
0.006705205	0.033437557
0.00676971	0.035885097
0.006834215	0.038446582
0.00689872	0.041120493
0.006963224	0.043908349
0.007027729	0.046810149
0.007092234	0.049827414
0.007156739	0.052960144
0.007221243	0.056206819
0.007285748	0.059570477
0.007350253	0.063051118
0.007414758	0.066647224
0.007478604	0.070361833
0.007543109	0.074193426
0.007607614	0.07814504
0.007672119	0.082213639
0.007736623	0.086402259
0.007801128	0.090709382
0.007865633	0.095138047
0.007930138	0.099686734
0.007994642	0.104355442
0.008059147	0.109147212
0.008123652	0.114062042
0.008188157	0.119101452
0.008252662	0.124271519
0.008317166	0.129572244
0.008381671	0.135008182
0.008446176	0.140580855
0.008510681	0.146293301
0.008575185	0.152154635
0.00863969	0.158155741
0.008704195	0.164293582
0.0087687	0.170598542
0.008832546	0.177055428
0.008897051	0.183664242
0.008961556	0.190440175
0.009026061	0.197383227
0.009090565	0.204478206
0.00915507	0.211755497
0.009219575	0.219199907
0.00928408	0.226811437
0.009348584	0.234605279
0.009413089	0.242566241
0.009477594	0.250724707
0.009542099	0.259065485
0.009606604	0.267588576
0.009671108	0.276324363
0.009735613	0.285288041
0.009800118	0.294509995
0.009864623	0.304035802
0.009929127	0.313895847
0.009993632	0.32413571
0.010058137	0.334755389
0.010122642	0.345815657
0.010186488	0.357346896
0.010250993	0.369364302
0.010315498	0.381928644
0.010380003	0.395055115
0.010444507	0.4087741
0.010509012	0.423131177
0.010573517	0.438141539
0.010638022	0.453865957
0.010702526	0.470319624
0.010767031	0.487532924
0.010831536	0.505551436
0.010896041	0.524405545
0.010960546	0.544125636
0.01102505	0.564696518
0.011089555	0.58601184
0.01115406	0.607904484
0.011218565	0.630222523
0.011283069	0.652829222
0.011347574	0.675557463
0.011412079	0.698255319
0.011476584	0.720786055
0.01154043	0.742982553
0.011604935	0.764708077
0.01166944	0.785780317
0.011733945	0.80607773
0.011798449	0.82544839
0.011862954	0.843725177
0.011927459	0.860756165
0.011991964	0.876389427
0.012056468	0.890488229
0.012120973	0.902885452
0.012185478	0.913520324
0.012249983	0.922787855
0.012314488	0.931295753
0.012378992	0.939651724
0.012443497	0.948448282
0.012508002	0.958308328
0.012572507	0.969809183
0.012637011	0.983558553
0.012701516	1.000164146
0.012766021	1.020233669
0.012830526	1.044359636
0.012894372	1.073134562
0.012958877	1.107074997
0.013023382	1.145801124
0.013087887	1.188522925
0.013152391	1.234480765
0.013216896	1.28285424
0.013281401	1.332883717
0.013345906	1.383763984
0.01341041	1.434735407
0.013474915	1.484977582
0.01353942	1.533852415
0.013603925	1.58125356
0.013668429	1.62743929
0.013732934	1.673017314
0.013797439	1.718139557
0.013861944	1.763109873
0.013926449	1.808384043
0.013990953	1.854417847
0.014055458	1.901363211
0.014119963	1.949523989
0.014184468	1.998596328
0.014248314	2.048124447
0.014312819	2.097500639
0.014377324	2.146117197
0.014441829	2.193366415
0.014506333	2.238640585
0.014570838	2.281332
0.014635343	2.320832954
0.014699848	2.356687665
0.014764352	2.389959622
0.014828857	2.422623873
0.014893362	2.45680739
0.014957867	2.494333296
0.015022371	2.537480492
0.015086876	2.588224024
0.015151381	2.648387015
0.015215886	2.720248366
0.015280391	2.805479269
0.015344895	2.902864313
0.0154094	3.008757254
0.015473905	3.119207997
0.01553841	3.230722228
0.015602256	3.339501777
0.015666761	3.44205233
0.015731266	3.536854619
0.015795771	3.62406057
0.015860275	3.703670185
0.01592478	3.775683462
0.015989285	3.840100402
0.01605379	3.897072931
0.016118294	3.946752976
0.016182799	3.988836685
0.016247304	4.023779836
0.016311809	4.053557478
0.016376313	4.081815853
0.016440818	4.111745421
0.016505323	4.146992426
0.016569828	4.190747329
0.016634333	4.246504444
0.016698837	4.313048358
0.016763342	4.386428976
0.016827847	4.462088495
0.016891693	4.536076819
0.016956198	4.603988074
0.017020703	4.661872164
0.017085208	4.708817528
0.017149713	4.745887654
0.017214217	4.774297955
0.017278722	4.795719626
0.017343227	4.811216154
0.017407732	4.82215488
0.017472236	4.829903144
0.017536741	4.83567636
0.017601246	4.84084187
0.017665751	4.845703525
0.017730255	4.849957474
0.01779476	4.853451789
0.017859265	4.855730691
0.01792377	4.856338398
0.017988275	4.854971057
0.018052779	4.851324815
0.018117284	4.844943892
0.018181789	4.83567636
0.018245635	4.82306644
0.01831014	4.807569912
0.018374645	4.789186776
0.01843915	4.767917032
0.018503655	4.744064533
0.018568159	4.71762928
0.018632664	4.688763198
0.018697169	4.657618215
0.018761674	4.624346258
0.018826178	4.589403107
0.018890683	4.553548395
0.018955188	4.517997537
0.019019693	4.483662093
0.019084197	4.451453623
0.019148702	4.422435614
0.019213207	4.396759995
0.019277712	4.371540155
0.019342217	4.343889487
0.019406721	4.310921384
0.019471226	4.269597309
0.019535731	4.216726802
0.019599577	4.151854082
0.019664082	4.081511999
0.019728587	4.013752671
0.019793092	3.954805094
0.019857597	3.902846147
0.019922101	3.854381516
0.019986606	3.80515725
0.020051111	3.751830963
0.020115616	3.690148704
0.02018012	3.61661616
0.020244625	3.527283234
0.02030913	3.418503685
0.020373635	3.287846684
0.020438139	3.147162519
0.020502644	3.014682397
0.020567149	2.907270188
0.020631654	2.829179842
0.020696159	2.776613188
0.020760663	2.745164352
0.020825168	2.731035165
0.020889673	2.729971677
0.020953519	2.737871868
0.021018024	2.750633715
0.021082529	2.764307122
0.021147034	2.774486214
0.021211539	2.780107503
0.021276043	2.782082551
0.021340548	2.78117099
0.021405053	2.778436309
0.021469558	2.774941994
0.021534062	2.771751532
0.021598567	2.769776484
0.021663072	2.770080338
0.021727577	2.773422726
0.021792081	2.779955576
0.021856586	2.788159621
0.021921091	2.796515592
0.021985596	2.803504222
0.022050101	2.807606244
0.022114605	2.807454317
0.02217911	2.801377247
0.022243615	2.787855767
0.022307461	2.765522536
0.022371966	2.73452948
0.022436471	2.697915134
0.022500976	2.659173814
0.022565481	2.621344055
0.022629985	2.587920171
0.02269449	2.562396478
0.022758995	2.546292243
0.0228235	2.538543979
0.022888004	2.537176638
0.022952509	2.540670953
0.023017014	2.547203803
0.023081519	2.555103994
0.023146023	2.562396478
0.023210528	2.56741006
0.023275033	2.568473548
0.023339538	2.564219599
0.023404043	2.555407848
0.023468547	2.542494074
0.023533052	2.526541766
0.023597557	2.50815863
0.023661403	2.4881043
0.023725908	2.467138409
0.023790413	2.446172518
0.023854918	2.425966261
0.023919423	2.407279271
0.023983927	2.390719256
0.024048432	2.377349703
0.024112937	2.367778318
0.024177442	2.362764735
0.024241946	2.363220515
0.024306451	2.369601439
0.024370956	2.381299798
0.024435461	2.39755596
0.024499965	2.417002583
0.02456447	2.438880034
0.024628975	2.461972899
0.02469348	2.485521545
0.024757985	2.508310557
0.024822489	2.529428374
0.024886994	2.54781151
0.024951499	2.562548405
0.025015345	2.57257557
0.02507985	2.576981445
0.025144355	2.576221812
0.02520886	2.571815936
0.025273365	2.564979232
0.025337869	2.556775188
0.025402374	2.548419217
0.025466879	2.541430587
0.025531384	2.536720858
0.025595888	2.535809297
0.025660393	2.539759393
0.025724898	2.549938485
0.025789403	2.567561987
0.025853907	2.593693387
0.025918412	2.627117271
0.025982917	2.664795104
0.026047422	2.703840277
0.026111927	2.741366183
0.026176431	2.774030433
0.026240936	2.7994022
0.026305441	2.816417995
0.026369287	2.826293234
0.026433792	2.830091402
0.026498297	2.828724061
0.026562802	2.823254699
0.026627307	2.814898728
0.026691811	2.804567709
0.026756316	2.793477057
0.026820821	2.782386404
0.026885326	2.771599605
0.02694983	2.760053173
0.027014335	2.746379766
0.02707884	2.729971677
0.027143345	2.70930964
0.027207849	2.68363402
0.027272354	2.651577477
0.027336859	2.612380377
0.027401364	2.564827306
0.027465869	2.508918264
0.027530373	2.446020591
0.027594878	2.37795741
0.027659383	2.306399913
0.027723229	2.232867368
0.027787734	2.15903097
0.027852239	2.086561913
0.027916744	2.017131391
0.027981248	1.952410597
0.028045753	1.893311094
0.028110258	1.839377099
0.028174763	1.7893932
0.028239268	1.742295909
0.028303772	1.697021739
0.028368277	1.652811057
0.028432782	1.60829652
0.028497287	1.56256657
0.028561791	1.514572912
0.028626296	1.463328021
0.028690801	1.407783603
0.028755306	1.346876171
0.028819811	1.279891669
0.028884315	1.208060704
0.02894882	1.133312746
0.029013325	1.057577263
0.029077171	0.982783727
0.029141676	0.910876798
0.029206181	0.843785948
0.029270686	0.783440645
0.02933519	0.731785552
0.029399695	0.690583018
0.0294642	0.659513999
0.029528705	0.636892107
0.02959321	0.620985377
0.029657714	0.610031458
0.029722219	0.602328772
0.029786724	0.596145354
0.029851229	0.589718853
0.029915733	0.581347689
0.029980238	0.569299898
0.030044743	0.55181313
0.030109248	0.527185804
0.030173753	0.493731535
0.030238257	0.451708598
0.030302762	0.403411085
0.030367267	0.351209056
0.030431113	0.297518144
0.030495618	0.244738793
0.030560123	0.19524106
0.030624628	0.151436021
0.030689132	0.115713486
0.030753637	0.090454145
0.030818142	0.076846067
0.030882647	0.074009594
0.030947152	0.080855414
0.031011656	0.096295729
0.031076161	0.119241225
0.031140666	0.148604107
0.031205171	0.183299618
0.031269675	0.22222325
0.03133418	0.264306958
0.031398685	0.30845687
0.03146319	0.353594306
0.031527695	0.398595008
0.031592199	0.442410681
0.031656704	0.48393226
0.031721209	0.522081066
0.031785055	0.556127849
0.03184956	0.586178959
0.031914065	0.612507864
0.03197857	0.635357647
0.032043074	0.654956197
0.032107579	0.67156179
0.032172084	0.685432702
0.032236589	0.696796822
0.032301094	0.705897234
0.032365598	0.713007406
0.032430103	0.718340035
0.032494608	0.722168589
0.032559113	0.724736151
0.032623617	0.726285804
0.032688122	0.727045437
0.032752627	0.72728852
0.032817132	0.727258135
0.032881637	0.727197364
0.032946141	0.72728852
0.033010646	0.727577181
0.033075151	0.728048154
0.033138997	0.728640668
0.033203502	0.729354724
0.033268007	0.730159936
0.033332512	0.731041111
0.033397016	0.731967864
0.033461521	0.73290981
0.033526026	0.733836563
0.033590531	0.734748123
0.033655036	0.735598913
0.03371954	0.736373739
0.033784045	0.737042217
0.03384855	0.737589153
0.033913055	0.737984163
0.033977559	0.73819686
0.034042064	0.738212053
0.034106569	0.737999356
0.034171074	0.737528383
0.034235579	0.736799134
0.034300083	0.73575084
0.034364588	0.734398692
0.034429093	0.732681919
0.034492939	0.730615716
0.034557444	0.728230466
0.034621949	0.725647711
0.034686454	0.722958608
0.034750958	0.720269504
0.034815463	0.71768675
0.034879968	0.7153015
0.034944473	0.713235296
0.035008978	0.711564102
0.035073482	0.710409459
0.035137987	0.709862522
0.035202492	0.710044834
0.035266997	0.711032358
0.035331501	0.712946635
0.035396006	0.715878821
0.035460511	0.719950458
0.035525016	0.725237509
0.035589521	0.731846322
0.035654025	0.73989844
0.03571853	0.749333091
0.035783035	0.759998348
0.035846881	0.771681515
0.035911386	0.784230664
0.035975891	0.797463483
0.036040396	0.811182469
0.0361049	0.8252205
0.036169405	0.839395265
0.03623391	0.853524452
0.036298415	0.867425749
0.03636292	0.880932037
0.036427424	0.89384581
0.036491929	0.90599995
0.036556434	0.917196951
0.036620939	0.927284887
0.036685443	0.93605106
0.036749948	0.943343544
0.036814453	0.948964833
0.036878958	0.952884543
0.036943463	0.955300179
0.037007967	0.956424437
0.037072472	0.956515593
0.037136977	0.955755959
0.037200823	0.954373425
0.037265328	0.952611075
0.037329833	0.950666413
0.037394338	0.948782521
0.037458842	0.947172098
0.037523347	0.94604784
0.037587852	0.94565283
0.037652357	0.946184574
0.037716862	0.947886153
0.037781366	0.950970266
0.037845871	0.955573647
0.037910376	0.961635524
0.037974881	0.969019164
0.038039385	0.97763341
0.03810389	0.987341529
0.038168395	0.998037172
0.0382329	1.009598797
0.038297405	1.021920056
0.038361909	1.0348946
0.038426414	1.048370502
0.038490919	1.0622718
0.038554765	1.076461758
0.03861927	1.090834028
0.038683775	1.105267068
0.03874828	1.119654531
0.038812784	1.133859682
0.038877289	1.147791364
0.038941794	1.161328037
0.039006299	1.174378545
0.039070804	1.18701885
0.039135308	1.199370494
0.039199813	1.211555019
0.039264318	1.223693966
0.039328823	1.235924069
0.039393327	1.248336484
0.039457832	1.261067945
0.039522337	1.274224801
0.039586842	1.287958979
0.039651346	1.302361634
0.039715851	1.317569502
0.039780356	1.333688929
0.039844861	1.350856651
0.039908707	1.369194209
0.039973212	1.388914301
0.040037717	1.411186762
0.040102222	1.437530859
0.040166726	1.469511439
0.040231231	1.508662961
0.040295736	1.5564895
0.040360241	1.614677444
0.040424746	1.684715673
0.04048925	1.767971529
0.040553755	1.865660426
0.04061826	1.974288049
0.040682765	2.0876254
0.040747269	2.200051191
0.040811774	2.305640279
0.040876279	2.398163667
0.040940784	2.472759698
0.041005288	2.530339935
0.041069793	2.574702544
0.041134298	2.609645695
0.041198803	2.638967557
0.041262649	2.666770151
0.041327154	2.696547793
0.041391659	2.732554432
0.041456164	2.778132455
0.041520668	2.837687739
0.041585173	2.914562672
0.041649678	3.012859276
0.041714183	3.135464159
0.041778688	3.276604105
0.041843192	3.425644242
0.041907697	3.572405477
0.041972202	3.705797159
0.042036707	3.815336342
0.042101211	3.889932374
0.042165716	3.918798455
0.042230221	3.891147788
0.042294726	3.79908018
0.04235923	3.66143455
0.042423735	3.508900098
0.04248824	3.370950614
0.042552745	3.255182434
0.042616591	3.155366563
0.042681096	3.06497015
0.042745601	2.977764198
0.042810106	2.887215858
0.04287461	2.78724806
0.042939115	2.676341536
0.04300362	2.558598309
0.043068125	2.437816547
0.04313263	2.318098272
0.043197134	2.203545507
0.043261639	2.098108346
0.043326144	2.005888812
0.043390649	1.930837
0.043455153	1.876903005
0.043519658	1.843631048
0.043584163	1.825703692
0.043648668	1.817651575
0.043713172	1.814309186
0.043777677	1.809903311
0.043842182	1.799420365
0.043906687	1.778910255
0.043970533	1.749892247
0.044035038	1.714797169
0.044099543	1.675448142
0.044164048	1.634427921
0.044228552	1.593711553
0.044293057	1.55512216
0.044357562	1.518902824
0.044422067	1.484582572
0.044486572	1.451918322
0.044551076	1.420621413
0.044615581	1.390418376
0.044680086	1.361081321
0.044744591	1.332746983
0.044809095	1.30568883
0.0448736	1.280149944
0.044938105	1.256403794
0.04500261	1.234723848
0.045067114	1.215337995
0.045131619	1.198534897
0.045196124	1.184557637
0.045260629	1.173694874
0.045324475	1.166280849
0.04538898	1.162710571
0.045453485	1.163363856
0.04551799	1.168650906
0.045582494	1.17895154
0.045646999	1.194599994
0.045711504	1.215216454
0.045776009	1.240086862
0.045840514	1.268451585
0.045905018	1.29955099
0.045969523	1.332640635
0.046034028	1.366991272
0.046098533	1.401812882
0.046163037	1.436391409
0.046227542	1.469967219
0.046292047	1.50178068
0.046356552	1.531117734
0.046421056	1.557097207
0.046485561	1.579126585
0.046550066	1.596446234
0.046613913	1.60829652
0.046678417	1.614981297
0.046742922	1.617260198
0.046807427	1.616044784
0.046871932	1.612550469
0.046936436	1.607536887
0.047000941	1.602067524
0.047065446	1.596902015
0.047129951	1.593103846
0.047194456	1.591584579
0.04725896	1.593255773
0.047323465	1.599028989
0.04738797	1.610119641
0.047452475	1.62607195
0.047516979	1.646430133
0.047581484	1.669826852
0.047645989	1.695502472
0.047710494	1.722393506
0.047774998	1.749436466
0.047839503	1.775719793
0.047904008	1.800179999
0.047967855	1.821905524
0.048032359	1.84028866
0.048096864	1.855937114
0.048161369	1.869002815
0.048225874	1.87994154
0.048290378	1.889209072
0.048354883	1.897109262
0.048419388	1.903945966
0.048483893	1.910478816
0.048548398	1.916707812
0.048612902	1.923240662
0.048677407	1.930229293
0.048741912	1.938433337
0.048806417	1.948004722
0.048870921	1.959247301
0.048935426	1.972768781
0.048999931	1.988873016
0.049064436	2.007863859
0.04912894	2.030349018
0.049193445	2.056024637
0.04925795	2.083979158
0.049321797	2.11284524
0.049386301	2.141407468
0.049450806	2.168450429
0.049515311	2.192606781
0.049579816	2.212964965
0.04964432	2.227853786
0.049708825	2.236361683
0.04977333	2.237425171
0.049837835	2.232107735
0.04990234	2.221169009
0.049966844	2.205672481
0.050031349	2.186529711
0.050095854	2.16465226
0.050160359	2.140951688
0.050224863	2.116643409
0.050289368	2.092638983
0.050353873	2.069698044
0.050418378	2.04888408
0.050482882	2.031260578
0.050547387	2.017587171
0.050611892	2.007560006
0.050675739	2.001027156
0.050740243	1.997228987
0.050804748	1.9961655
0.050869253	1.99707706
0.050933758	1.999811742
0.050998262	2.003761837
0.051062767	2.008623493
0.051127272	2.013940929
0.051191777	2.019410292
0.051256282	2.024423874
0.051320786	2.028677823
0.051385291	2.031716358
0.051449796	2.033235626
0.051514301	2.032779845
0.051578805	2.030652871
0.05164331	2.027310483
0.051707815	2.02320846
0.05177232	2.019106438
0.051836824	2.01530827
0.051901329	2.012573588
0.051965834	2.011206248
0.052029681	2.011813955
0.052094185	2.01485249
0.05215869	2.021081486
0.052223195	2.030804798
0.0522877	2.044630132
0.052352204	2.062101707
0.052416709	2.082611818
0.052481214	2.104945049
0.052545719	2.128341768
0.052610224	2.151738487
0.052674728	2.174527498
0.052739233	2.195797243
0.052803738	2.214332305
0.052868243	2.229373053
0.052932747	2.240159852
0.052997252	2.245629215
0.053061757	2.245021508
0.053126262	2.238184804
0.053190766	2.225422958
0.053255271	2.207647529
0.053319776	2.185466224
0.053383623	2.159182897
0.053448127	2.129709109
0.053512632	2.097500639
0.053577137	2.063317121
0.053641642	2.027462409
0.053706146	1.990392284
0.053770651	1.95180289
0.053835156	1.911542303
0.053899661	1.869154741
0.053964165	1.824336352
0.05402867	1.776935207
0.054093175	1.726647455
0.05415768	1.67316924
0.054222185	1.616044784
0.054286689	1.555881793
0.054351194	1.494153957
0.054415699	1.432805938
0.054480204	1.373736819
0.054544708	1.318845686
0.054609213	1.270031623
0.054673718	1.229193714
0.054737565	1.198215851
0.054802069	1.17901231
0.054866574	1.173466984
0.054931079	1.183494149
0.054995584	1.210977697
0.055060088	1.25688996
0.055124593	1.318010089
0.055189098	1.389917017
0.055253603	1.468189676
0.055318107	1.548437383
0.055382612	1.626223876
0.055447117	1.697629446
0.055511622	1.76235024
0.055576127	1.820386256
0.055640631	1.872193276
0.055705136	1.917923226
0.055769641	1.957728033
0.055834146	1.992215405
0.05589865	2.02138534
0.055963155	2.045541692
0.05602766	2.065444096
0.056091507	2.083523378
0.056156011	2.103121928
0.056220516	2.127126354
0.056285021	2.158879044
0.056349526	2.201570459
0.05641403	2.258239135
0.056478535	2.332227459
0.05654304	2.426573968
0.056607545	2.544469122
0.056672049	2.689103383
0.056736554	2.863667213
0.056801059	3.069224098
0.056865564	3.295746875
0.056930069	3.529562135
0.056994573	3.756844545
0.057059078	3.963920699
0.057123583	4.137269114
0.057188088	4.272028137
0.057252592	4.395696507
0.057317097	4.54260967
0.057381602	4.747254995
0.057445449	5.043816001
0.057509953	5.466628131
0.057574458	6.029668648
0.057638963	6.698905958
0.057703468	7.43347177
0.057767972	8.19234586
0.057832477	8.934659935
0.057896982	9.621976528
0.057961487	10.23819141
0.058025991	10.77920254
0.058090496	11.23072883
0.058155001	11.53367076
0.058219506	11.61707854
0.058284011	11.45238995
0.058348515	11.14245939
0.05841302	10.81551304
0.058477525	10.57562071
0.05854203	10.39832219
0.058606534	10.21646588
0.058671039	9.977181258
0.058735544	9.742150584
0.058799391	9.587337231
0.058863895	9.47627878
0.0589284	9.38481888
0.058992905	9.310222848
0.05905741	9.250667564
0.059121914	9.204026053
0.059186419	9.168779049
0.059250924	9.142495722
0.059315429	9.120466344
0.059379933	9.095246504
0.059444438	9.059087939
0.059508943	9.004394311
0.059573448	8.923721209
0.059637953	8.809624224
0.059702457	8.673649787
0.059766962	8.547094809
0.059831467	8.463231246
0.059895972	8.454723348
0.059960476	8.554387293
0.060024981	8.79488733
0.060089486	9.161638492
0.060153333	9.553913347
0.060217837	9.863236199
0.060282342	10.04570022
0.060346847	10.14019865
0.060411352	10.19094219
0.060475856	10.22558149
0.060540361	10.2529283
0.060604866	10.28057897
0.060669371	10.31643368
0.060733875	10.36808877
0.06079838	10.44314058
0.060862885	10.54948931
0.06092739	10.69457935
0.060991895	10.88722246
0.061056399	11.16312143
0.061120904	11.59079521
0.061185409	12.23329342
0.061249914	13.03318773
0.061314418	13.83262626
0.061378923	14.48940558
0.061443428	14.96858253
0.061507275	15.27319565
0.061571779	15.40385266
0.061636284	15.36587097
0.061700789	15.16016216
0.061765294	14.79477834
0.061829798	14.29615476
0.061894303	13.69543641
0.061958808	13.02179322
0.062023313	12.28403695
0.062087817	11.47988869
0.062152322	10.60630991
0.062216827	9.669377673
0.062281332	8.692944484
0.062345837	7.703141742
0.062410341	6.726556626
0.062474846	5.789168611
0.062539351	4.917412949
0.062603856	4.137421041
0.06266836	3.473197313
0.062732865	2.946011508
0.06279737	2.577437226
0.062861217	2.380692091
0.062925721	2.298803576
0.062990226	2.238184804
0.063054731	2.129709109
0.063119236	1.984467141
0.06318374	1.830109568
0.063248245	1.690640816
0.06331275	1.566820519
0.063377255	1.451067532
0.063441759	1.335952638
0.063506264	1.220169266
0.063570769	1.106345748
0.063635274	0.997216768
0.063699779	0.894286398
0.063764283	0.797068474
0.063828788	0.704940096
0.063893293	0.617278364
0.063957798	0.533414801
0.064022302	0.452756892
0.064086807	0.37463616
0.064151312	0.298429705
0.064215159	0.223484242
0.064279663	0.14919966
0.064344168	0.074915078
0.064408673	0
