#strain     energy[Ry]      volume[Bohr^3]    s_xx[Ry/Bohr^3] s_xy[Ry/Bohr^3] s_xz[Ry/Bohr^3] s_yy[Ry/Bohr^3] s_yz[Ry/Bohr^3] s_zz[Ry/Bohr^3] Ly[Angstrom]
 +0.0000    -93.45383699    275.92900000     -0.00000252     -0.00000000      0.00000000     -0.00000252     -0.00000000     -0.00000244      3.86698000      3.86698000      3.86698000
 -0.0100    -93.45381839    275.91870000      0.00002382      0.00000868      0.00000860     -0.00001394     -0.00000478     -0.00001674      3.86698000      3.86698000      3.86698000
 +0.0100    -93.45381850    275.93930000     -0.00002851     -0.00000857     -0.00000861      0.00000869      0.00000464      0.00001168      3.86698000      3.86698000      3.86698000
 -0.0100    -93.45381957    275.39640000      0.00000712      0.00000000      0.00000000      0.00003444      0.00000358     -0.00001376      3.86698000      3.86698000      3.86698000
 +0.0100    -93.45381879    276.46170000     -0.00001201      0.00000000     -0.00000000     -0.00003913     -0.00000387      0.00000881      3.86698000      3.86698000      3.86698000
 -0.0100    -93.45381663    275.05510000      0.00000232      0.00000000      0.00000000      0.00000232      0.00000000      0.00004573      3.86698000      3.86698000      3.86698000
 +0.0100    -93.45381545    276.80290000     -0.00000738     -0.00000000     -0.00000000     -0.00000738      0.00000000     -0.00004958      3.86698000      3.86698000      3.86698000
 -0.0100    -93.45382893    276.22030000      0.00000076     -0.00000000     -0.00000000     -0.00000893      0.00001325     -0.00001840      3.86698000      3.86698000      3.86698000
 +0.0100    -93.45382943    275.63770000     -0.00000587     -0.00000000     -0.00000000      0.00000396     -0.00001340      0.00001350      3.86698000      3.86698000      3.86698000
 -0.0100    -93.45382891    276.22030000     -0.00000660      0.00000418      0.00001146     -0.00000177     -0.00000661     -0.00001837      3.86698000      3.86698000      3.86698000
 +0.0100    -93.45382943    275.63770000      0.00000156     -0.00000423     -0.00001158     -0.00000333      0.00000669      0.00001334      3.86698000      3.86698000      3.86698000
 -0.0100    -93.45382720    276.34100000     -0.00000810      0.00001445      0.00000420     -0.00002147     -0.00000227     -0.00000482      3.86698000      3.86698000      3.86698000
 +0.0100    -93.45382787    275.51710000      0.00000333     -0.00001458     -0.00000422      0.00001660      0.00000227     -0.00000020      3.86698000      3.86698000      3.86698000
