#strain     energy[Ry]      volume[Bohr^3]    s_xx[Ry/Bohr^3] s_xy[Ry/Bohr^3] s_xz[Ry/Bohr^3] s_yy[Ry/Bohr^3] s_yz[Ry/Bohr^3] s_zz[Ry/Bohr^3] Ly[Angstrom]
 +0.0000    -93.45383688    275.92900000     -0.00000259      0.00000000      0.00000002     -0.00000259     -0.00000001     -0.00000254      3.86698000      3.86698000      3.86698000
 -0.0050    -93.45378958    274.54940000      0.00006815      0.00000005      0.00000003      0.00001115      0.00000837      0.00000528      0.00000000      0.00000000      0.00000000
 +0.0050    -93.45378809    277.30870000     -0.00007095     -0.00000001     -0.00000001     -0.00001578     -0.00000794     -0.00001018      0.00000000      0.00000000      0.00000000
 -0.0050    -93.45378948    274.54940000      0.00001107      0.00000003      0.00000001      0.00006819     -0.00000851      0.00000521      0.00000000      0.00000000      0.00000000
 +0.0050    -93.45378810    277.30870000     -0.00001574      0.00000005      0.00000005     -0.00007092      0.00000782     -0.00001007      0.00000000      0.00000000      0.00000000
 -0.0050    -93.45378536    274.54940000      0.00000515      0.00000002      0.00000002      0.00000516     -0.00000001      0.00007445      0.00000000      0.00000000      0.00000000
 +0.0050    -93.45378425    277.30870000     -0.00001017     -0.00000001      0.00000000     -0.00001019      0.00000001     -0.00007630      0.00000000      0.00000000      0.00000000
 -0.0050    -93.45382146    275.92900000      0.00000563      0.00000002      0.00000001     -0.00001062      0.00002222     -0.00000263      0.00000000      0.00000000      0.00000000
 +0.0050    -93.45382142    275.92900000     -0.00001065      0.00000001     -0.00000000      0.00000566     -0.00002234     -0.00000262      0.00000000      0.00000000      0.00000000
 -0.0050    -93.45382148    275.92900000     -0.00000249      0.00000817      0.00002230     -0.00000256      0.00000009     -0.00000263      0.00000000      0.00000000      0.00000000
 +0.0050    -93.45382149    275.92900000     -0.00000256     -0.00000815     -0.00002229     -0.00000261      0.00000007     -0.00000263      0.00000000      0.00000000      0.00000000
 -0.0050    -93.45381746    275.92900000     -0.00000235      0.00002806      0.00000817     -0.00000257      0.00000004     -0.00000251      0.00000000      0.00000000      0.00000000
 +0.0050    -93.45381746    275.92900000     -0.00000230     -0.00002804     -0.00000814     -0.00000253      0.00000005     -0.00000260      0.00000000      0.00000000      0.00000000
